mgc_rve_context_lcv "Final_Merged_Chip_Lib" "chip_top" "layout" 1000
mgc_rve_highlight_index 0 "X42/X3/X2614/X0/5" "#00000000FFFF"
mgc_rve_layer "poly"
mp 12 808.05 574.69 808.135 574.69 808.135 572.885 808.315 572.885 808.315 574.69 808.47 574.69 808.47 575.11 808.315 575.11 808.315 576.555 808.135 576.555 808.135 575.11 808.05 575.11
mgc_rve_layer "tpdiff"
mr 806.935 573.105 807.415 574.475
mgc_rve_layer "tndiff"
mr 806.935 575.335 807.415 576.335
mgc_rve_layer "gate1_not_IO1"
mr 808.135 573.105 808.315 574.475
mr 808.135 575.335 808.315 576.335
mgc_rve_layer "metal1"
mp 12 807.03 573.29 807.26 573.29 807.26 573.945 808.375 573.945 808.375 575.545 807.26 575.545 807.26 576.09 807.03 576.09 807.03 575.315 808.145 575.315 808.145 574.185 807.03 574.185
mgc_rve_layer "gate1_not_IO1_not_IO1"
mr 808.135 573.105 808.315 574.475
mr 808.135 575.335 808.315 576.335
mgc_rve_zoom 806.607 572.099 808.798 577.341 1
